# oST version 5.0 parameters


[image]

width
640

height
480

[narrow_stereo]

camera matrix
1735.356887 0.000000 280.874318
0.000000 1745.475015 245.018954
0.000000 0.000000 1.000000

distortion
-5.193580 27.092713 -0.048691 -0.052731 0.000000

rectification
1.000000 0.000000 0.000000
0.000000 1.000000 0.000000
0.000000 0.000000 1.000000

projection
1366.469360 0.000000 249.659074 0.000000
0.000000 1553.447144 238.125881 0.000000
0.000000 0.000000 1.000000 0.000000
